{
 "cells": [
  {
   "cell_type": "code",
   "execution_count": 57,
   "metadata": {},
   "outputs": [],
   "source": [
    "#Based on Modern Robotics Library \n",
    "import numpy as np \n",
    "import modern_robotics as mr\n"
   ]
  },
  {
   "cell_type": "code",
   "execution_count": 58,
   "metadata": {},
   "outputs": [],
   "source": [
    "#This function will extract components from the calculated matrices and store them in a list\n",
    "#This function takes in a list of matrices after running trajectory and the gripper status\n",
    "# outputs a list consisting of the components and status\n",
    "def extract_components_from_matrix(trajectory_matrices, gripper_status):\n",
    "    #init row list\n",
    "    row_list = []\n",
    "    for M in trajectory_matrices:\n",
    "        #extracting info from each matrix M in a list of trajectory matrices\n",
    "        rows = M[0:3, 0:3].flatten() \n",
    "        pos = M[0:3, 3]\n",
    "\n",
    "        #row_format is in form of [r11,r12,r13,r21,r22,r23,r31,r32,r33,px,py,pz,gripper]\n",
    "        #appending row format into row list\n",
    "        row_format = [rows[0], rows[1], rows[2], rows[3], rows[4], rows[5], rows[6], rows[7], rows[8], pos[0], pos[1], pos[2], gripper_status]\n",
    "        row_list.append(row_format)\n",
    "    return row_list"
   ]
  },
  {
   "cell_type": "code",
   "execution_count": 59,
   "metadata": {},
   "outputs": [],
   "source": [
    "#Trajectory Generation Code generates trajectory for the robot \n",
    "#inputs: Tse, Tsc_init , Tsc_final, Tce_grasp, Tce_standoff, k \n",
    "#all matrices need to be in the form of np.array([[...], [...], ... ])\n",
    "#outputs a list of all trajectory waypoints (for saving results as .csv file, need to type np.savetxt(\"trajectory.csv\", TrajectoryGenerator(...), delimiter=\",\"))\n",
    "def TrajectoryGenerator(Tse, Tsc_init, Tsc_final, Tce_grasp, Tce_standoff, k):\n",
    "\n",
    "    #init waypoint list\n",
    "    waypoint_list = []\n",
    "    waypoint_list_matrix = []\n",
    "\n",
    "    #converting to world frame first for end effector (need to double check if this is correct)\n",
    "    Tse_grasp_init = Tsc_init @ Tce_grasp\n",
    "    Tse_grasp_final = Tsc_final @ Tce_grasp\n",
    "    \n",
    "    Tse_standoff_init = Tsc_init @ Tce_standoff\n",
    "    Tse_standoff_final = Tsc_final @ Tce_standoff\n",
    "    \n",
    "    #gripper status\n",
    "    gripper_status =  0 #0 for open, 1 for closed\n",
    "\n",
    "    #trajectory 1: using CartesianTrajectory to go from Tse to Tse_standoff initial\n",
    "    #extracting trajectory from matrices and appending to waypoint list\n",
    "    Tf = 2\n",
    "    number_of_points = Tf*k/0.01\n",
    "    trajectory_1 = mr.CartesianTrajectory(Tse, Tse_standoff_init,Tf,number_of_points,5)\n",
    "    gripper_status = 0\n",
    "    waypoint_list_matrix.extend(trajectory_1)\n",
    "    extraction_1 = extract_components_from_matrix(trajectory_1, gripper_status)\n",
    "    waypoint_list.extend(extraction_1)\n",
    "\n",
    "\n",
    "    #trajectory 2: using CartesianTrajectory to go from Tse_standoff initial to Tse_grasp initial \n",
    "    #extracting trajectory from matrices and appending to waypoint list\n",
    "    trajectory_2 = mr.CartesianTrajectory(Tse_standoff_init, Tse_grasp_init,Tf,number_of_points,5)\n",
    "    gripper_status = 0\n",
    "    waypoint_list_matrix.extend(trajectory_2)\n",
    "    extraction_2 = extract_components_from_matrix(trajectory_2, gripper_status)\n",
    "    waypoint_list.extend(extraction_2)\n",
    "\n",
    "    #trajectory 3: closing gripper \n",
    "    #extracting trajectory from matrices and appending to waypoint list\n",
    "    trajectory_3 =  mr.CartesianTrajectory(Tse_grasp_init, Tse_grasp_init, Tf,number_of_points,5)\n",
    "    gripper_status = 1 \n",
    "    waypoint_list_matrix.extend(trajectory_3)\n",
    "    extraction_3 = extract_components_from_matrix(trajectory_3, gripper_status)\n",
    "    waypoint_list.extend(extraction_3)\n",
    "\n",
    "    #trajectory 4: using CartesianTrajectory to go to Tse_standoff initial from ground \n",
    "    #extracting trajectory from matrices and appending to waypoint list\n",
    "    trajectory_4 = mr.CartesianTrajectory(Tse_grasp_init, Tse_standoff_init, Tf,number_of_points,5)\n",
    "    gripper_status = 1\n",
    "    waypoint_list_matrix.extend(trajectory_4)\n",
    "    extraction_4 = extract_components_from_matrix(trajectory_4, gripper_status)\n",
    "    waypoint_list.extend(extraction_4)\n",
    "\n",
    "    #trajectory 5: using CartesianTrajectory to go to Tse_standoff final from Tse_standoff initial\n",
    "    #extracting trajectory from matrices and appending to waypoint list \n",
    "    trajectory_5 = mr.CartesianTrajectory(Tse_standoff_init,Tse_standoff_final, Tf,number_of_points,5)\n",
    "    gripper_status = 1\n",
    "    waypoint_list_matrix.extend(trajectory_5)\n",
    "    extraction_5 = extract_components_from_matrix(trajectory_5, gripper_status)\n",
    "    waypoint_list.extend(extraction_5)\n",
    "\n",
    "    #trajectory 6: using CartesianTrajectory to go to the Tse_grasp final of the robot from Tse_standoff final \n",
    "    #extracting trajectory from matrices and appending to waypoint list\n",
    "    trajectory_6 = mr.CartesianTrajectory(Tse_standoff_final, Tse_grasp_final,Tf, number_of_points,5)\n",
    "    gripper_status = 1 \n",
    "    waypoint_list_matrix.extend(trajectory_6)\n",
    "    extraction_6 = extract_components_from_matrix(trajectory_6, gripper_status)\n",
    "    waypoint_list.extend(extraction_6)\n",
    "    \n",
    "    #trajectory 7: opening gripper\n",
    "    #extracting trajectory from matrices and appending to waypoint list \n",
    "    trajectory_7 = mr.CartesianTrajectory(Tse_grasp_final, Tse_grasp_final, Tf, number_of_points,5)\n",
    "    gripper_status = 0 \n",
    "    waypoint_list_matrix.extend(trajectory_7)\n",
    "    extraction_7 = extract_components_from_matrix(trajectory_7, gripper_status)\n",
    "    waypoint_list.extend(extraction_7)\n",
    "\n",
    "    #trajectory 8: using CartesianTrajectory to finish at Tse_standoff final \n",
    "    #extracting trajectory from matrices and appending to waypoint list\n",
    "    trajectory_8 = mr.CartesianTrajectory(Tse_grasp_final, Tse_standoff_final, Tf, number_of_points, 5)\n",
    "    gripper_status = 0 \n",
    "    waypoint_list_matrix.extend(trajectory_8)\n",
    "    extraction_8 = extract_components_from_matrix(trajectory_8, gripper_status)\n",
    "    waypoint_list.extend(extraction_8)\n",
    "\n",
    "    return waypoint_list, waypoint_list_matrix\n"
   ]
  },
  {
   "cell_type": "code",
   "execution_count": 60,
   "metadata": {},
   "outputs": [],
   "source": [
    "## NextState uses kinematics of robot\n",
    "## current_state must have the following input format in a list: np.array([x1,x2,x3...x12]) consisting of [chassis:1,2,3, arm:1,2,3,4,5 , wheel angle:1,2,3,4]\n",
    "## velocities must be np.array([v1,v2,...]) consisting of [arm:1,2,3,4,5 , wheel: 1,2,3,4]\n",
    "## time_step t\n",
    "## magnitude of maximum joint and wheel velocity magnitude \n",
    "## returns output of the new (next) chassis state with chassis, arm, wheel states\n",
    "def NextState(current_state, velocities,time_step,magnitude):\n",
    "\n",
    "    #clipping veloctities to keep with joint and wheel limits \n",
    "    velocities = np.clip(velocities, -magnitude, magnitude)\n",
    "\n",
    "    #extracting states\n",
    "    chassis_current_state = current_state[0:3]\n",
    "    arm_1_current_state, arm_2_current_state, arm_3_current_state, arm_4_current_state, arm_5_current_state = current_state[3:8]\n",
    "    wheel_1_current_state, wheel_2_current_state, wheel_3_current_state, wheel_4_current_state = current_state[8:12]\n",
    "    \n",
    "    #extracting velocities\n",
    "    arm_1_current_velocity, arm_2_current_velocity, arm_3_current_velocity, arm_4_current_velocity, arm_5_current_velocity = velocities[0:5]\n",
    "    wheel_1_current_velocity, wheel_2_current_velocity, wheel_3_current_velocity, wheel_4_current_velocity = velocities[5:]\n",
    "    \n",
    "    \n",
    "    #NextState implementation\n",
    "    #arm\n",
    "    arm_total_state_vec = np.array([arm_1_current_state, arm_2_current_state, arm_3_current_state, arm_4_current_state, arm_5_current_state])\n",
    "    arm_total_vel_vec = np.array([arm_1_current_velocity, arm_2_current_velocity, arm_3_current_velocity, arm_4_current_velocity, arm_5_current_velocity])\n",
    "\n",
    "    new_arm_state = arm_total_state_vec + arm_total_vel_vec*time_step \n",
    "\n",
    "\n",
    "    #wheel\n",
    "    wheel_total_state_vec = np.array([wheel_1_current_state, wheel_2_current_state, wheel_3_current_state, wheel_4_current_state])\n",
    "    wheel_total_vel_vec = np.array([wheel_1_current_velocity, wheel_2_current_velocity, wheel_3_current_velocity, wheel_4_current_velocity])\n",
    "\n",
    "    new_wheel_state = wheel_total_state_vec + wheel_total_vel_vec*time_step \n",
    "\n",
    "    #chassis \n",
    "    #defining kinematics \n",
    "    l = 0.47/2 #m\n",
    "    w = 0.3/2 #m\n",
    "    r = 0.0475 #m\n",
    "    \n",
    "    ##odometry \n",
    "    # Vb = F * (wheel_vel*t)\n",
    "    Vb = r/4 * np.array([[-1/(l+w), 1/(l+w), 1/(l+w), -1/(l+w)], [1,1,1,1], [-1,1,-1,1]]) @ np.array([wheel_total_vel_vec[0]*time_step, wheel_total_vel_vec[1]*time_step, wheel_total_vel_vec[2]*time_step, wheel_total_vel_vec[3]*time_step])\n",
    "    wbz, vbx, vby = Vb \n",
    "    \n",
    "    #dq calculations\n",
    "    if wbz < 10**-5:\n",
    "        dqb = np.array([0, vbx, vby])\n",
    "    else:\n",
    "        dqb = np.array([wbz, (vbx*np.sin(wbz) + vby*(np.cos(wbz) -1))/wbz, (vby*np.sin(wbz) + vbx*(-np.cos(wbz)+1))/wbz])\n",
    "\n",
    "    dq = np.array([[1,0,0], [0, np.cos(chassis_current_state[0]), -np.sin(chassis_current_state[0])], [0, np.sin(chassis_current_state[0]), np.cos(chassis_current_state[0])]]) @ dqb\n",
    "\n",
    "    new_chassis_odom_state = np.array([chassis_current_state[0], chassis_current_state[1], chassis_current_state[2]]) + dq \n",
    "    \n",
    "    return np.concatenate([new_chassis_odom_state, new_arm_state, new_wheel_state])"
   ]
  },
  {
   "cell_type": "code",
   "execution_count": 68,
   "metadata": {},
   "outputs": [],
   "source": [
    "#FeedBackControl achieves the goal of ... \n",
    "\n",
    "#Xd is ...\n",
    "#Xd next is ...\n",
    "#Kp,Ki are P,I gain matrices for the feedback portion\n",
    "#states_and_angles is ...\n",
    "def FeedbackControl(Xd, Xd_next, Kp, Ki, time_step, states_and_angles):\n",
    "\n",
    "    #constants \n",
    "    l = 0.47/2 #m\n",
    "    w= 0.3/2  #m\n",
    "    r = 0.0475 #m\n",
    "\n",
    "    ##Jacobian\n",
    "    #Blist from exercise 13.33 in MR textbook\n",
    "    Blist = np.array([[0, 0, 1, 0, 0.033, 0], [0, -1, 0, -0.5076, 0, 0],[0, -1, 0, -0.3526, 0, 0],[0, -1, 0, -0.2176, 0, 0],[0, 0, 1, 0, 0, 0]]).T\n",
    "    #Arm Jacobian\n",
    "    J_arm = mr.JacobianBody(Blist, states_and_angles[3:8])\n",
    "\n",
    "    #M0e is the transformation matrix of the end effector position at zero configuration (Ex 13.33)\n",
    "    M0e = np.array([[1, 0, 0, 0.033],[0, 1, 0, 0],[0, 0, 1, 0.6546],[0, 0, 0, 1]])\n",
    "    #Arm's end effector position  \n",
    "    T0e = mr.FKinBody(M0e, Blist, states_and_angles[3:8])\n",
    "    #Chassis to Arm Transformation matrix (Ex 13.33) \n",
    "    Tb0 = np.array([[1, 0, 0, 0.1662], [0, 1, 0, 0], [0, 0, 1, 0.0026], [0, 0, 0, 1]])\n",
    "    #end effector to chassis \n",
    "    Teb = mr.TransInv(Tb0 @ T0e) \n",
    "    #new F calculation (6x4 matrix consisting of F in wz, vx, vy directions only)\n",
    "    F= (r/4)*np.array([[-1/(l+w), 1/(l+w), 1/(l+w), -1/(l+w)], [1,1,1,1], [-1,1,-1,1]])\n",
    "    F_new = np.zeros((6,4))\n",
    "    F_new[2:5,:] = F \n",
    "\n",
    "    #Base Jacobian\n",
    "    J_base = mr.Adjoint(Teb) @ F_new \n",
    "\n",
    "    #full Jacobian\n",
    "    Je = np.hstack((J_base, J_arm))\n",
    "    #print(\"Je = \", Je)\n",
    "\n",
    "    #update X \n",
    "    Tsb = np.array([[np.cos(states_and_angles[0]), -np.sin(states_and_angles[0]), 0, states_and_angles[1]], [np.sin(states_and_angles[0]), np.cos(states_and_angles[0]), 0, states_and_angles[2]], [0,0,1,0.0963], [0,0,0,1]])\n",
    "    X = Tsb @ Tb0 @ T0e\n",
    "    #print(\"X=\", X)\n",
    "    #defining global var for integral error \n",
    "    global integral_error   \n",
    "\n",
    "    \n",
    "    #finding V commanded based on formula in equation 13.37 \n",
    "    X_err_matrix = mr.MatrixLog6(mr.TransInv(X) @ Xd)\n",
    "    X_err_twist = mr.se3ToVec(X_err_matrix)\n",
    "    adjoint_X_Xd = mr.Adjoint(mr.TransInv(X) @ Xd)\n",
    "    Vd_matrix = (1/time_step)*mr.MatrixLog6(mr.TransInv(Xd) @ Xd_next)\n",
    "    Vd = mr.se3ToVec(Vd_matrix)\n",
    "    #print(\"Vd=\", Vd)\n",
    "\n",
    "    #need integral error to be a running total\n",
    "    integral_error += X_err_twist*time_step \n",
    "\n",
    "    V_commanded = (adjoint_X_Xd @ Vd) + (Kp @ X_err_twist) + (Ki @ (integral_error))\n",
    "    #print(\"V_commanded = \", V_commanded)\n",
    "\n",
    "    #finding commanded wheel and arm joint speeds \n",
    "    total_speeds = np.linalg.pinv(Je) @ V_commanded\n",
    "    wheel_speeds = total_speeds[0:4]\n",
    "    arm_joint_speeds = total_speeds[4:]\n",
    "    #print(\"total_speeds =\", total_speeds)\n",
    "    return wheel_speeds, arm_joint_speeds, V_commanded, X_err_twist"
   ]
  },
  {
   "cell_type": "code",
   "execution_count": 67,
   "metadata": {},
   "outputs": [
    {
     "name": "stdout",
     "output_type": "stream",
     "text": [
      "[array([[ 0. ,  0. ,  1. ,  0. ],\n",
      "       [ 0. ,  1. ,  0. ,  0. ],\n",
      "       [-1. ,  0. ,  0. ,  0.4],\n",
      "       [ 0. ,  0. ,  0. ,  1. ]]), array([[-1.97825058e-06,  0.00000000e+00,  1.00000000e+00,\n",
      "         1.25939343e-06],\n",
      "       [ 0.00000000e+00,  1.00000000e+00,  0.00000000e+00,\n",
      "         0.00000000e+00],\n",
      "       [-1.00000000e+00,  0.00000000e+00, -1.97825058e-06,\n",
      "         3.99999654e-01],\n",
      "       [ 0.00000000e+00,  0.00000000e+00,  0.00000000e+00,\n",
      "         1.00000000e+00]]), array([[-1.57065338e-05,  0.00000000e+00,  1.00000000e+00,\n",
      "         9.99908994e-06],\n",
      "       [ 0.00000000e+00,  1.00000000e+00,  0.00000000e+00,\n",
      "         0.00000000e+00],\n",
      "       [-1.00000000e+00,  0.00000000e+00, -1.57065338e-05,\n",
      "         3.99997250e-01],\n",
      "       [ 0.00000000e+00,  0.00000000e+00,  0.00000000e+00,\n",
      "         1.00000000e+00]]), array([[-5.26079680e-05,  0.00000000e+00,  9.99999999e-01,\n",
      "         3.34912726e-05],\n",
      "       [ 0.00000000e+00,  1.00000000e+00,  0.00000000e+00,\n",
      "         0.00000000e+00],\n",
      "       [-9.99999999e-01,  0.00000000e+00, -5.26079680e-05,\n",
      "         3.99990790e-01],\n",
      "       [ 0.00000000e+00,  0.00000000e+00,  0.00000000e+00,\n",
      "         1.00000000e+00]]), array([[-1.23752333e-04,  0.00000000e+00,  9.99999992e-01,\n",
      "         7.87831820e-05],\n",
      "       [ 0.00000000e+00,  1.00000000e+00,  0.00000000e+00,\n",
      "         0.00000000e+00],\n",
      "       [-9.99999992e-01,  0.00000000e+00, -1.23752333e-04,\n",
      "         3.99978335e-01],\n",
      "       [ 0.00000000e+00,  0.00000000e+00,  0.00000000e+00,\n",
      "         1.00000000e+00]]), array([[-2.39859690e-04,  0.00000000e+00,  9.99999971e-01,\n",
      "         1.52699423e-04],\n",
      "       [ 0.00000000e+00,  1.00000000e+00,  0.00000000e+00,\n",
      "         0.00000000e+00],\n",
      "       [-9.99999971e-01,  0.00000000e+00, -2.39859690e-04,\n",
      "         3.99958008e-01],\n",
      "       [ 0.00000000e+00,  0.00000000e+00,  0.00000000e+00,\n",
      "         1.00000000e+00]]), array([[-4.11304009e-04,  0.00000000e+00,  9.99999915e-01,\n",
      "         2.61844272e-04],\n",
      "       [ 0.00000000e+00,  1.00000000e+00,  0.00000000e+00,\n",
      "         0.00000000e+00],\n",
      "       [-9.99999915e-01,  0.00000000e+00, -4.11304009e-04,\n",
      "         3.99927993e-01],\n",
      "       [ 0.00000000e+00,  0.00000000e+00,  0.00000000e+00,\n",
      "         1.00000000e+00]]), array([[-6.48116779e-04,  0.00000000e+00,  9.99999790e-01,\n",
      "         4.12603985e-04],\n",
      "       [ 0.00000000e+00,  1.00000000e+00,  0.00000000e+00,\n",
      "         0.00000000e+00],\n",
      "       [-9.99999790e-01,  0.00000000e+00, -6.48116779e-04,\n",
      "         3.99886534e-01],\n",
      "       [ 0.00000000e+00,  0.00000000e+00,  0.00000000e+00,\n",
      "         1.00000000e+00]]), array([[-9.59990618e-04,  0.00000000e+00,  9.99999539e-01,\n",
      "         6.11149102e-04],\n",
      "       [ 0.00000000e+00,  1.00000000e+00,  0.00000000e+00,\n",
      "         0.00000000e+00],\n",
      "       [-9.99999539e-01,  0.00000000e+00, -9.59990618e-04,\n",
      "         3.99831934e-01],\n",
      "       [ 0.00000000e+00,  0.00000000e+00,  0.00000000e+00,\n",
      "         1.00000000e+00]]), array([[-1.35628287e-03,  0.00000000e+00,  9.99999080e-01,\n",
      "         8.63436758e-04],\n",
      "       [ 0.00000000e+00,  1.00000000e+00,  0.00000000e+00,\n",
      "         0.00000000e+00],\n",
      "       [-9.99999080e-01,  0.00000000e+00, -1.35628287e-03,\n",
      "         3.99762555e-01],\n",
      "       [ 0.00000000e+00,  0.00000000e+00,  0.00000000e+00,\n",
      "         1.00000000e+00]]), array([[-0.00184602,  0.        ,  0.9999983 ,  0.00117521],\n",
      "       [ 0.        ,  1.        ,  0.        ,  0.        ],\n",
      "       [-0.9999983 ,  0.        , -0.00184602,  0.39967682],\n",
      "       [ 0.        ,  0.        ,  0.        ,  1.        ]]), array([[-0.0024379 ,  0.        ,  0.99999703,  0.00155202],\n",
      "       [ 0.        ,  1.        ,  0.        ,  0.        ],\n",
      "       [-0.99999703,  0.        , -0.0024379 ,  0.3995732 ],\n",
      "       [ 0.        ,  0.        ,  0.        ,  1.        ]]), array([[-0.00314029,  0.        ,  0.99999507,  0.00199917],\n",
      "       [ 0.        ,  1.        ,  0.        ,  0.        ],\n",
      "       [-0.99999507,  0.        , -0.00314029,  0.39945023],\n",
      "       [ 0.        ,  0.        ,  0.        ,  1.        ]]), array([[-0.00396125,  0.        ,  0.99999215,  0.00252182],\n",
      "       [ 0.        ,  1.        ,  0.        ,  0.        ],\n",
      "       [-0.99999215,  0.        , -0.00396125,  0.3993065 ],\n",
      "       [ 0.        ,  0.        ,  0.        ,  1.        ]]), array([[-0.00490851,  0.        ,  0.99998795,  0.00312487],\n",
      "       [ 0.        ,  1.        ,  0.        ,  0.        ],\n",
      "       [-0.99998795,  0.        , -0.00490851,  0.39914066],\n",
      "       [ 0.        ,  0.        ,  0.        ,  1.        ]]), array([[-0.00598949,  0.        ,  0.99998206,  0.00381305],\n",
      "       [ 0.        ,  1.        ,  0.        ,  0.        ],\n",
      "       [-0.99998206,  0.        , -0.00598949,  0.39895141],\n",
      "       [ 0.        ,  0.        ,  0.        ,  1.        ]]), array([[-0.00721129,  0.        ,  0.999974  ,  0.00459089],\n",
      "       [ 0.        ,  1.        ,  0.        ,  0.        ],\n",
      "       [-0.999974  ,  0.        , -0.00721129,  0.3987375 ],\n",
      "       [ 0.        ,  0.        ,  0.        ,  1.        ]]), array([[-0.00858073,  0.        ,  0.99996318,  0.00546273],\n",
      "       [ 0.        ,  1.        ,  0.        ,  0.        ],\n",
      "       [-0.99996318,  0.        , -0.00858073,  0.39849775],\n",
      "       [ 0.        ,  0.        ,  0.        ,  1.        ]]), array([[-0.01010429,  0.        ,  0.99994895,  0.0064327 ],\n",
      "       [ 0.        ,  1.        ,  0.        ,  0.        ],\n",
      "       [-0.99994895,  0.        , -0.01010429,  0.39823101],\n",
      "       [ 0.        ,  0.        ,  0.        ,  1.        ]]), array([[-0.01178817,  0.        ,  0.99993052,  0.00750476],\n",
      "       [ 0.        ,  1.        ,  0.        ,  0.        ],\n",
      "       [-0.99993052,  0.        , -0.01178817,  0.39793619],\n",
      "       [ 0.        ,  0.        ,  0.        ,  1.        ]]), array([[-0.01363826,  0.        ,  0.99990699,  0.00868266],\n",
      "       [ 0.        ,  1.        ,  0.        ,  0.        ],\n",
      "       [-0.99990699,  0.        , -0.01363826,  0.39761227],\n",
      "       [ 0.        ,  0.        ,  0.        ,  1.        ]]), array([[-0.01566017,  0.        ,  0.99987737,  0.00996998],\n",
      "       [ 0.        ,  1.        ,  0.        ,  0.        ],\n",
      "       [-0.99987737,  0.        , -0.01566017,  0.39725826],\n",
      "       [ 0.        ,  0.        ,  0.        ,  1.        ]]), array([[-0.01785919,  0.        ,  0.99984051,  0.01137012],\n",
      "       [ 0.        ,  1.        ,  0.        ,  0.        ],\n",
      "       [-0.99984051,  0.        , -0.01785919,  0.39687322],\n",
      "       [ 0.        ,  0.        ,  0.        ,  1.        ]]), array([[-0.02024035,  0.        ,  0.99979514,  0.01288628],\n",
      "       [ 0.        ,  1.        ,  0.        ,  0.        ],\n",
      "       [-0.99979514,  0.        , -0.02024035,  0.39645627],\n",
      "       [ 0.        ,  0.        ,  0.        ,  1.        ]]), array([[-0.02280835,  0.        ,  0.99973986,  0.01452151],\n",
      "       [ 0.        ,  1.        ,  0.        ,  0.        ],\n",
      "       [-0.99973986,  0.        , -0.02280835,  0.39600659],\n",
      "       [ 0.        ,  0.        ,  0.        ,  1.        ]]), array([[-0.02556766,  0.        ,  0.99967309,  0.01627865],\n",
      "       [ 0.        ,  1.        ,  0.        ,  0.        ],\n",
      "       [-0.99967309,  0.        , -0.02556766,  0.39552337],\n",
      "       [ 0.        ,  0.        ,  0.        ,  1.        ]]), array([[-0.0285224 ,  0.        ,  0.99959315,  0.01816039],\n",
      "       [ 0.        ,  1.        ,  0.        ,  0.        ],\n",
      "       [-0.99959315,  0.        , -0.0285224 ,  0.39500589],\n",
      "       [ 0.        ,  0.        ,  0.        ,  1.        ]]), array([[-0.03167646,  0.        ,  0.99949817,  0.02016924],\n",
      "       [ 0.        ,  1.        ,  0.        ,  0.        ],\n",
      "       [-0.99949817,  0.        , -0.03167646,  0.39445346],\n",
      "       [ 0.        ,  0.        ,  0.        ,  1.        ]]), array([[-0.03503342,  0.        ,  0.99938614,  0.02230753],\n",
      "       [ 0.        ,  1.        ,  0.        ,  0.        ],\n",
      "       [-0.99938614,  0.        , -0.03503342,  0.39386543],\n",
      "       [ 0.        ,  0.        ,  0.        ,  1.        ]]), array([[-0.03859658,  0.        ,  0.99925487,  0.02457745],\n",
      "       [ 0.        ,  1.        ,  0.        ,  0.        ],\n",
      "       [-0.99925487,  0.        , -0.03859658,  0.3932412 ],\n",
      "       [ 0.        ,  0.        ,  0.        ,  1.        ]]), array([[-0.04236897,  0.        ,  0.99910203,  0.026981  ],\n",
      "       [ 0.        ,  1.        ,  0.        ,  0.        ],\n",
      "       [-0.99910203,  0.        , -0.04236897,  0.39258022],\n",
      "       [ 0.        ,  0.        ,  0.        ,  1.        ]]), array([[-0.04635334,  0.        ,  0.99892511,  0.02952003],\n",
      "       [ 0.        ,  1.        ,  0.        ,  0.        ],\n",
      "       [-0.99892511,  0.        , -0.04635334,  0.39188199],\n",
      "       [ 0.        ,  0.        ,  0.        ,  1.        ]]), array([[-0.05055215,  0.        ,  0.99872142,  0.03219622],\n",
      "       [ 0.        ,  1.        ,  0.        ,  0.        ],\n",
      "       [-0.99872142,  0.        , -0.05055215,  0.39114604],\n",
      "       [ 0.        ,  0.        ,  0.        ,  1.        ]]), array([[-0.05496759,  0.        ,  0.99848814,  0.0350111 ],\n",
      "       [ 0.        ,  1.        ,  0.        ,  0.        ],\n",
      "       [-0.99848814,  0.        , -0.05496759,  0.39037195],\n",
      "       [ 0.        ,  0.        ,  0.        ,  1.        ]]), array([[-0.05960157,  0.        ,  0.99822225,  0.03796604],\n",
      "       [ 0.        ,  1.        ,  0.        ,  0.        ],\n",
      "       [-0.99822225,  0.        , -0.05960157,  0.38955934],\n",
      "       [ 0.        ,  0.        ,  0.        ,  1.        ]]), array([[-0.06445574,  0.        ,  0.99792057,  0.04106226],\n",
      "       [ 0.        ,  1.        ,  0.        ,  0.        ],\n",
      "       [-0.99792057,  0.        , -0.06445574,  0.38870788],\n",
      "       [ 0.        ,  0.        ,  0.        ,  1.        ]]), array([[-0.06953143,  0.        ,  0.99757976,  0.04430083],\n",
      "       [ 0.        ,  1.        ,  0.        ,  0.        ],\n",
      "       [-0.99757976,  0.        , -0.06953143,  0.38781727],\n",
      "       [ 0.        ,  0.        ,  0.        ,  1.        ]]), array([[-0.07482975,  0.        ,  0.99719632,  0.04768267],\n",
      "       [ 0.        ,  1.        ,  0.        ,  0.        ],\n",
      "       [-0.99719632,  0.        , -0.07482975,  0.38688727],\n",
      "       [ 0.        ,  0.        ,  0.        ,  1.        ]]), array([[-0.08035147,  0.        ,  0.99676659,  0.05120854],\n",
      "       [ 0.        ,  1.        ,  0.        ,  0.        ],\n",
      "       [-0.99676659,  0.        , -0.08035147,  0.38591765],\n",
      "       [ 0.        ,  0.        ,  0.        ,  1.        ]]), array([[-0.08609713,  0.        ,  0.99628675,  0.05487908],\n",
      "       [ 0.        ,  1.        ,  0.        ,  0.        ],\n",
      "       [-0.99628675,  0.        , -0.08609713,  0.38490825],\n",
      "       [ 0.        ,  0.        ,  0.        ,  1.        ]]), array([[-0.09206696,  0.        ,  0.99575282,  0.05869477],\n",
      "       [ 0.        ,  1.        ,  0.        ,  0.        ],\n",
      "       [-0.99575282,  0.        , -0.09206696,  0.38385894],\n",
      "       [ 0.        ,  0.        ,  0.        ,  1.        ]]), array([[-0.09826093,  0.        ,  0.99516069,  0.06265596],\n",
      "       [ 0.        ,  1.        ,  0.        ,  0.        ],\n",
      "       [-0.99516069,  0.        , -0.09826093,  0.38276961],\n",
      "       [ 0.        ,  0.        ,  0.        ,  1.        ]]), array([[-0.10467872,  0.        ,  0.99450609,  0.06676285],\n",
      "       [ 0.        ,  1.        ,  0.        ,  0.        ],\n",
      "       [-0.99450609,  0.        , -0.10467872,  0.38164022],\n",
      "       [ 0.        ,  0.        ,  0.        ,  1.        ]]), array([[-0.11131972,  0.        ,  0.99378464,  0.07101553],\n",
      "       [ 0.        ,  1.        ,  0.        ,  0.        ],\n",
      "       [-0.99378464,  0.        , -0.11131972,  0.38047073],\n",
      "       [ 0.        ,  0.        ,  0.        ,  1.        ]]), array([[-0.11818305,  0.        ,  0.99299183,  0.07541392],\n",
      "       [ 0.        ,  1.        ,  0.        ,  0.        ],\n",
      "       [-0.99299183,  0.        , -0.11818305,  0.37926117],\n",
      "       [ 0.        ,  0.        ,  0.        ,  1.        ]]), array([[-0.12526755,  0.        ,  0.992123  ,  0.07995785],\n",
      "       [ 0.        ,  1.        ,  0.        ,  0.        ],\n",
      "       [-0.992123  ,  0.        , -0.12526755,  0.37801159],\n",
      "       [ 0.        ,  0.        ,  0.        ,  1.        ]]), array([[-0.13257176,  0.        ,  0.99117341,  0.084647  ],\n",
      "       [ 0.        ,  1.        ,  0.        ,  0.        ],\n",
      "       [-0.99117341,  0.        , -0.13257176,  0.37672208],\n",
      "       [ 0.        ,  0.        ,  0.        ,  1.        ]]), array([[-0.14009394,  0.        ,  0.99013822,  0.08948092],\n",
      "       [ 0.        ,  1.        ,  0.        ,  0.        ],\n",
      "       [-0.99013822,  0.        , -0.14009394,  0.37539275],\n",
      "       [ 0.        ,  0.        ,  0.        ,  1.        ]]), array([[-0.14783209,  0.        ,  0.98901247,  0.09445904],\n",
      "       [ 0.        ,  1.        ,  0.        ,  0.        ],\n",
      "       [-0.98901247,  0.        , -0.14783209,  0.37402376],\n",
      "       [ 0.        ,  0.        ,  0.        ,  1.        ]]), array([[-0.15578388,  0.        ,  0.98779116,  0.09958069],\n",
      "       [ 0.        ,  1.        ,  0.        ,  0.        ],\n",
      "       [-0.98779116,  0.        , -0.15578388,  0.37261531],\n",
      "       [ 0.        ,  0.        ,  0.        ,  1.        ]]), array([[-0.16394674,  0.        ,  0.98646919,  0.10484505],\n",
      "       [ 0.        ,  1.        ,  0.        ,  0.        ],\n",
      "       [-0.98646919,  0.        , -0.16394674,  0.37116761],\n",
      "       [ 0.        ,  0.        ,  0.        ,  1.        ]]), array([[-0.17231779,  0.        ,  0.98504141,  0.1102512 ],\n",
      "       [ 0.        ,  1.        ,  0.        ,  0.        ],\n",
      "       [-0.98504141,  0.        , -0.17231779,  0.36968092],\n",
      "       [ 0.        ,  0.        ,  0.        ,  1.        ]]), array([[-0.18089386,  0.        ,  0.98350262,  0.1157981 ],\n",
      "       [ 0.        ,  1.        ,  0.        ,  0.        ],\n",
      "       [-0.98350262,  0.        , -0.18089386,  0.36815552],\n",
      "       [ 0.        ,  0.        ,  0.        ,  1.        ]]), array([[-0.18967151,  0.        ,  0.9818476 ,  0.12148461],\n",
      "       [ 0.        ,  1.        ,  0.        ,  0.        ],\n",
      "       [-0.9818476 ,  0.        , -0.18967151,  0.36659173],\n",
      "       [ 0.        ,  0.        ,  0.        ,  1.        ]]), array([[-0.19864702,  0.        ,  0.9800711 ,  0.12730946],\n",
      "       [ 0.        ,  1.        ,  0.        ,  0.        ],\n",
      "       [-0.9800711 ,  0.        , -0.19864702,  0.3649899 ],\n",
      "       [ 0.        ,  0.        ,  0.        ,  1.        ]]), array([[-0.20781638,  0.        ,  0.97816786,  0.1332713 ],\n",
      "       [ 0.        ,  1.        ,  0.        ,  0.        ],\n",
      "       [-0.97816786,  0.        , -0.20781638,  0.36335039],\n",
      "       [ 0.        ,  0.        ,  0.        ,  1.        ]]), array([[-0.21717529,  0.        ,  0.97613262,  0.13936865],\n",
      "       [ 0.        ,  1.        ,  0.        ,  0.        ],\n",
      "       [-0.97613262,  0.        , -0.21717529,  0.36167362],\n",
      "       [ 0.        ,  0.        ,  0.        ,  1.        ]]), array([[-0.2267192 ,  0.        ,  0.97396017,  0.14559993],\n",
      "       [ 0.        ,  1.        ,  0.        ,  0.        ],\n",
      "       [-0.97396017,  0.        , -0.2267192 ,  0.35996002],\n",
      "       [ 0.        ,  0.        ,  0.        ,  1.        ]]), array([[-0.23644326,  0.        ,  0.9716453 ,  0.15196348],\n",
      "       [ 0.        ,  1.        ,  0.        ,  0.        ],\n",
      "       [-0.9716453 ,  0.        , -0.23644326,  0.35821004],\n",
      "       [ 0.        ,  0.        ,  0.        ,  1.        ]]), array([[-0.24634236,  0.        ,  0.96918287,  0.15845752],\n",
      "       [ 0.        ,  1.        ,  0.        ,  0.        ],\n",
      "       [-0.96918287,  0.        , -0.24634236,  0.35642418],\n",
      "       [ 0.        ,  0.        ,  0.        ,  1.        ]]), array([[-0.25641113,  0.        ,  0.96656781,  0.16508019],\n",
      "       [ 0.        ,  1.        ,  0.        ,  0.        ],\n",
      "       [-0.96656781,  0.        , -0.25641113,  0.35460295],\n",
      "       [ 0.        ,  0.        ,  0.        ,  1.        ]]), array([[-0.26664391,  0.        ,  0.96379512,  0.17182952],\n",
      "       [ 0.        ,  1.        ,  0.        ,  0.        ],\n",
      "       [-0.96379512,  0.        , -0.26664391,  0.35274688],\n",
      "       [ 0.        ,  0.        ,  0.        ,  1.        ]]), array([[-0.2770348 ,  0.        ,  0.96085989,  0.17870346],\n",
      "       [ 0.        ,  1.        ,  0.        ,  0.        ],\n",
      "       [-0.96085989,  0.        , -0.2770348 ,  0.35085655],\n",
      "       [ 0.        ,  0.        ,  0.        ,  1.        ]]), array([[-0.28757765,  0.        ,  0.95775733,  0.18569988],\n",
      "       [ 0.        ,  1.        ,  0.        ,  0.        ],\n",
      "       [-0.95775733,  0.        , -0.28757765,  0.34893253],\n",
      "       [ 0.        ,  0.        ,  0.        ,  1.        ]]), array([[-0.29826605,  0.        ,  0.95448277,  0.19281653],\n",
      "       [ 0.        ,  1.        ,  0.        ,  0.        ],\n",
      "       [-0.95448277,  0.        , -0.29826605,  0.34697545],\n",
      "       [ 0.        ,  0.        ,  0.        ,  1.        ]]), array([[-0.30909337,  0.        ,  0.9510317 ,  0.20005112],\n",
      "       [ 0.        ,  1.        ,  0.        ,  0.        ],\n",
      "       [-0.9510317 ,  0.        , -0.30909337,  0.34498594],\n",
      "       [ 0.        ,  0.        ,  0.        ,  1.        ]]), array([[-0.32005271,  0.        ,  0.94739974,  0.20740125],\n",
      "       [ 0.        ,  1.        ,  0.        ,  0.        ],\n",
      "       [-0.94739974,  0.        , -0.32005271,  0.34296466],\n",
      "       [ 0.        ,  0.        ,  0.        ,  1.        ]]), array([[-0.33113698,  0.        ,  0.94358269,  0.21486444],\n",
      "       [ 0.        ,  1.        ,  0.        ,  0.        ],\n",
      "       [-0.94358269,  0.        , -0.33113698,  0.34091228],\n",
      "       [ 0.        ,  0.        ,  0.        ,  1.        ]]), array([[-0.34233885,  0.        ,  0.93957656,  0.22243815],\n",
      "       [ 0.        ,  1.        ,  0.        ,  0.        ],\n",
      "       [-0.93957656,  0.        , -0.34233885,  0.33882951],\n",
      "       [ 0.        ,  0.        ,  0.        ,  1.        ]]), array([[-0.3536508 ,  0.        ,  0.93537752,  0.23011975],\n",
      "       [ 0.        ,  1.        ,  0.        ,  0.        ],\n",
      "       [-0.93537752,  0.        , -0.3536508 ,  0.33671707],\n",
      "       [ 0.        ,  0.        ,  0.        ,  1.        ]]), array([[-0.3650651 ,  0.        ,  0.93098199,  0.23790655],\n",
      "       [ 0.        ,  1.        ,  0.        ,  0.        ],\n",
      "       [-0.93098199,  0.        , -0.3650651 ,  0.3345757 ],\n",
      "       [ 0.        ,  0.        ,  0.        ,  1.        ]]), array([[-0.37657383,  0.        ,  0.92638661,  0.24579576],\n",
      "       [ 0.        ,  1.        ,  0.        ,  0.        ],\n",
      "       [-0.92638661,  0.        , -0.37657383,  0.33240617],\n",
      "       [ 0.        ,  0.        ,  0.        ,  1.        ]]), array([[-0.3881689 ,  0.        ,  0.92158825,  0.25378457],\n",
      "       [ 0.        ,  1.        ,  0.        ,  0.        ],\n",
      "       [-0.92158825,  0.        , -0.3881689 ,  0.33020924],\n",
      "       [ 0.        ,  0.        ,  0.        ,  1.        ]]), array([[-0.39984206,  0.        ,  0.91658406,  0.26187006],\n",
      "       [ 0.        ,  1.        ,  0.        ,  0.        ],\n",
      "       [-0.91658406,  0.        , -0.39984206,  0.32798573],\n",
      "       [ 0.        ,  0.        ,  0.        ,  1.        ]]), array([[-0.41158489,  0.        ,  0.91137143,  0.27004926],\n",
      "       [ 0.        ,  1.        ,  0.        ,  0.        ],\n",
      "       [-0.91137143,  0.        , -0.41158489,  0.32573645],\n",
      "       [ 0.        ,  0.        ,  0.        ,  1.        ]]), array([[-0.42338884,  0.        ,  0.90594806,  0.27831917],\n",
      "       [ 0.        ,  1.        ,  0.        ,  0.        ],\n",
      "       [-0.90594806,  0.        , -0.42338884,  0.32346223],\n",
      "       [ 0.        ,  0.        ,  0.        ,  1.        ]]), array([[-0.43524525,  0.        ,  0.90031193,  0.28667668],\n",
      "       [ 0.        ,  1.        ,  0.        ,  0.        ],\n",
      "       [-0.90031193,  0.        , -0.43524525,  0.32116391],\n",
      "       [ 0.        ,  0.        ,  0.        ,  1.        ]]), array([[-0.44714534,  0.        ,  0.89446132,  0.29511865],\n",
      "       [ 0.        ,  1.        ,  0.        ,  0.        ],\n",
      "       [-0.89446132,  0.        , -0.44714534,  0.31884237],\n",
      "       [ 0.        ,  0.        ,  0.        ,  1.        ]]), array([[-0.4590802 ,  0.        ,  0.88839483,  0.3036419 ],\n",
      "       [ 0.        ,  1.        ,  0.        ,  0.        ],\n",
      "       [-0.88839483,  0.        , -0.4590802 ,  0.31649848],\n",
      "       [ 0.        ,  0.        ,  0.        ,  1.        ]]), array([[-0.47104089,  0.        ,  0.88211137,  0.31224316],\n",
      "       [ 0.        ,  1.        ,  0.        ,  0.        ],\n",
      "       [-0.88211137,  0.        , -0.47104089,  0.31413313],\n",
      "       [ 0.        ,  0.        ,  0.        ,  1.        ]]), array([[-0.48301838,  0.        ,  0.87561021,  0.32091915],\n",
      "       [ 0.        ,  1.        ,  0.        ,  0.        ],\n",
      "       [-0.87561021,  0.        , -0.48301838,  0.31174723],\n",
      "       [ 0.        ,  0.        ,  0.        ,  1.        ]]), array([[-0.49500358,  0.        ,  0.86889093,  0.32966652],\n",
      "       [ 0.        ,  1.        ,  0.        ,  0.        ],\n",
      "       [-0.86889093,  0.        , -0.49500358,  0.30934171],\n",
      "       [ 0.        ,  0.        ,  0.        ,  1.        ]]), array([[-0.50698738,  0.        ,  0.86195348,  0.33848187],\n",
      "       [ 0.        ,  1.        ,  0.        ,  0.        ],\n",
      "       [-0.86195348,  0.        , -0.50698738,  0.30691749],\n",
      "       [ 0.        ,  0.        ,  0.        ,  1.        ]]), array([[-0.51896066,  0.        ,  0.85479813,  0.34736178],\n",
      "       [ 0.        ,  1.        ,  0.        ,  0.        ],\n",
      "       [-0.85479813,  0.        , -0.51896066,  0.30447551],\n",
      "       [ 0.        ,  0.        ,  0.        ,  1.        ]]), array([[-0.53091427,  0.        ,  0.84742553,  0.35630277],\n",
      "       [ 0.        ,  1.        ,  0.        ,  0.        ],\n",
      "       [-0.84742553,  0.        , -0.53091427,  0.30201674],\n",
      "       [ 0.        ,  0.        ,  0.        ,  1.        ]]), array([[-0.54283912,  0.        ,  0.8398367 ,  0.36530133],\n",
      "       [ 0.        ,  1.        ,  0.        ,  0.        ],\n",
      "       [-0.8398367 ,  0.        , -0.54283912,  0.29954213],\n",
      "       [ 0.        ,  0.        ,  0.        ,  1.        ]]), array([[-0.55472612,  0.        ,  0.83203301,  0.37435392],\n",
      "       [ 0.        ,  1.        ,  0.        ,  0.        ],\n",
      "       [-0.83203301,  0.        , -0.55472612,  0.29705267],\n",
      "       [ 0.        ,  0.        ,  0.        ,  1.        ]]), array([[-0.56656625,  0.        ,  0.82401619,  0.38345695],\n",
      "       [ 0.        ,  1.        ,  0.        ,  0.        ],\n",
      "       [-0.82401619,  0.        , -0.56656625,  0.29454934],\n",
      "       [ 0.        ,  0.        ,  0.        ,  1.        ]]), array([[-0.57835056,  0.        ,  0.81578835,  0.39260681],\n",
      "       [ 0.        ,  1.        ,  0.        ,  0.        ],\n",
      "       [-0.81578835,  0.        , -0.57835056,  0.29203313],\n",
