0.000000000000000000e+00,0.000000000000000000e+00,1.000000000000000000e+00,0.000000000000000000e+00,1.000000000000000000e+00,0.000000000000000000e+00,-1.000000000000000000e+00,0.000000000000000000e+00,0.000000000000000000e+00,0.000000000000000000e+00,0.000000000000000000e+00,4.000000000000000222e-01,0.000000000000000000e+00
-1.978250578185341240e-06,0.000000000000000000e+00,9.999999999980432319e-01,0.000000000000000000e+00,1.000000000000000000e+00,0.000000000000000000e+00,-9.999999999980432319e-01,0.000000000000000000e+00,-1.978250578185341240e-06,1.259393432771209799e-06,0.000000000000000000e+00,3.999996536668060099e-01,0.000000000000000000e+00
-1.570653375429548039e-05,0.000000000000000000e+00,9.999999998766524456e-01,0.000000000000000000e+00,1.000000000000000000e+00,0.000000000000000000e+00,-9.999999998766524456e-01,0.000000000000000000e+00,-1.570653375429548039e-05,9.999089943754443938e-06,0.000000000000000000e+00,3.999972502502655014e-01,0.000000000000000000e+00
-5.260796800605120431e-05,0.000000000000000000e+00,9.999999986162008137e-01,0.000000000000000000e+00,1.000000000000000000e+00,0.000000000000000000e+00,-9.999999986162008137e-01,0.000000000000000000e+00,-5.260796800605120431e-05,3.349127263218171788e-05,0.000000000000000000e+00,3.999907899000261779e-01,0.000000000000000000e+00
-1.237523325628524229e-04,0.000000000000000000e+00,9.999999923426801107e-01,0.000000000000000000e+00,1.000000000000000000e+00,0.000000000000000000e+00,-9.999999923426801107e-01,0.000000000000000000e+00,-1.237523325628524229e-04,7.878318198720967943e-05,0.000000000000000000e+00,3.999783346249535243e-01,0.000000000000000000e+00
-2.398596904389638229e-04,0.000000000000000000e+00,9.999999712336640201e-01,0.000000000000000000e+00,1.000000000000000000e+00,0.000000000000000000e+00,-9.999999712336640201e-01,0.000000000000000000e+00,-2.398596904389638229e-04,1.526994229916126661e-04,0.000000000000000000e+00,3.999580076586773392e-01,0.000000000000000000e+00
-4.113040094072749580e-04,0.000000000000000000e+00,9.999999154145023939e-01,0.000000000000000000e+00,1.000000000000000000e+00,0.000000000000000000e+00,-9.999999154145023939e-01,0.000000000000000000e+00,-4.113040094072749580e-04,2.618442722254756775e-04,0.000000000000000000e+00,3.999279928251380234e-01,0.000000000000000000e+00
-6.481167786374737380e-04,0.000000000000000000e+00,9.999997899722985473e-01,0.000000000000000000e+00,1.000000000000000000e+00,0.000000000000000000e+00,-9.999997899722985473e-01,0.000000000000000000e+00,-6.481167786374737380e-04,4.126039849698878714e-04,0.000000000000000000e+00,3.998865339041333122e-01,0.000000000000000000e+00
-9.599906175818061996e-04,0.000000000000000000e+00,9.999995392089009449e-01,0.000000000000000000e+00,1.000000000000000000e+00,0.000000000000000000e+00,-9.999995392089009449e-01,0.000000000000000000e+00,-9.599906175818061996e-04,6.111491023106350746e-04,0.000000000000000000e+00,3.998319339968646191e-01,0.000000000000000000e+00
-1.356282872451260646e-03,0.000000000000000000e+00,9.999990802479620244e-01,0.000000000000000000e+00,1.000000000000000000e+00,0.000000000000000000e+00,-9.999990802479620244e-01,0.000000000000000000e+00,-1.356282872451260646e-03,8.634367582418931873e-04,0.000000000000000000e+00,3.997625548914834903e-01,0.000000000000000000e+00
-1.846019194344916204e-03,0.000000000000000000e+00,9.999982961051154806e-01,0.000000000000000000e+00,1.000000000000000000e+00,0.000000000000000000e+00,-9.999982961051154806e-01,0.000000000000000000e+00,-1.846019194344916204e-03,1.175212986769921114e-03,0.000000000000000000e+00,3.996768164286382818e-01,0.000000000000000000e+00
-2.437897091827410760e-03,0.000000000000000000e+00,9.999970283244693503e-01,0.000000000000000000e+00,1.000000000000000000e+00,0.000000000000000000e+00,-9.999970283244693503e-01,0.000000000000000000e+00,-2.437897091827410760e-03,1.552015029016754399e-03,0.000000000000000000e+00,3.995731958670203920e-01,0.000000000000000000e+00
-3.140289449538660738e-03,0.000000000000000000e+00,9.999950692789305595e-01,0.000000000000000000e+00,1.000000000000000000e+00,0.000000000000000000e+00,-9.999950692789305595e-01,0.000000000000000000e+00,-3.140289449538660738e-03,1.999173640323896259e-03,0.000000000000000000e+00,3.994502272489109940e-01,0.000000000000000000e+00
-3.961248003304062432e-03,0.000000000000000000e+00,9.999921542263501273e-01,0.000000000000000000e+00,1.000000000000000000e+00,0.000000000000000000e+00,-9.999921542263501273e-01,0.000000000000000000e+00,-3.961248003304062432e-03,2.521815397356016314e-03,0.000000000000000000e+00,3.993065007657271570e-01,0.000000000000000000e+00
-4.908506761223916347e-03,0.000000000000000000e+00,9.999879532081249467e-01,0.000000000000000000e+00,1.000000000000000000e+00,0.000000000000000000e+00,-9.999879532081249467e-01,0.000000000000000000e+00,-4.908506761223916347e-03,3.124865005204633273e-03,0.000000000000000000e+00,3.991406621235687457e-01,0.000000000000000000e+00
-5.989485359383765056e-03,0.000000000000000000e+00,9.999820628716945548e-01,0.000000000000000000e+00,1.000000000000000000e+00,0.000000000000000000e+00,-9.999820628716945548e-01,0.000000000000000000e+00,-5.989485359383765056e-03,3.813047604491821580e-03,0.000000000000000000e+00,3.989514119087647637e-01,0.000000000000000000e+00
-7.211292340162839092e-03,0.000000000000000000e+00,9.999739982933479876e-01,0.000000000000000000e+00,1.000000000000000000e+00,0.000000000000000000e+00,-9.999739982933479876e-01,0.000000000000000000e+00,-7.211292340162839092e-03,4.590891078473889435e-03,0.000000000000000000e+00,3.987375049534196969e-01,0.000000000000000000e+00
-8.580728340642024277e-03,0.000000000000000000e+00,9.999631848728952610e-01,0.000000000000000000e+00,1.000000000000000000e+00,0.000000000000000000e+00,-9.999631848728952610e-01,0.000000000000000000e+00,-8.580728340642024277e-03,5.462728360145084790e-03,0.000000000000000000e+00,3.984977497009601355e-01,0.000000000000000000e+00
-1.010428917833618330e-02,0.000000000000000000e+00,9.999489503670677681e-01,0.000000000000000000e+00,1.000000000000000000e+00,0.000000000000000000e+00,-9.999489503670677681e-01,0.000000000000000000e+00,-1.010428917833618330e-02,6.432699739341287033e-03,0.000000000000000000e+00,3.982310075716811726e-01,0.000000000000000000e+00
-1.178816882140612012e-02,0.000000000000000000e+00,9.999305171239839529e-01,0.000000000000000000e+00,1.000000000000000000e+00,0.000000000000000000e+00,-9.999305171239839529e-01,0.000000000000000000e+00,-1.178816882140612012e-02,7.504755169843685229e-03,0.000000000000000000e+00,3.979361923282929703e-01,0.000000000000000000e+00
-1.363826223064602480e-02,0.000000000000000000e+00,9.999069945766596579e-01,0.000000000000000000e+00,1.000000000000000000e+00,0.000000000000000000e+00,-9.999069945766596579e-01,0.000000000000000000e+00,-1.363826223064602480e-02,8.682656576482497557e-03,0.000000000000000000e+00,3.976122694414673253e-01,0.000000000000000000e+00
-1.566016806089296637e-02,0.000000000000000000e+00,9.998773720493451256e-01,0.000000000000000000e+00,1.000000000000000000e+00,0.000000000000000000e+00,-9.998773720493451256e-01,0.000000000000000000e+00,-1.566016806089296637e-02,9.969980162240626997e-03,0.000000000000000000e+00,3.972582554553838463e-01,0.000000000000000000e+00
-1.785919121006411189e-02,0.000000000000000000e+00,9.998405119264384133e-01,0.000000000000000000e+00,1.000000000000000000e+00,0.000000000000000000e+00,-9.998405119264384133e-01,0.000000000000000000e+00,-1.785919121006411189e-02,1.137011871535740376e-02,0.000000000000000000e+00,3.968732173532767415e-01,0.000000000000000000e+00
-2.024034520478783239e-02,0.000000000000000000e+00,9.997951432298474161e-01,0.000000000000000000e+00,1.000000000000000000e+00,0.000000000000000000e+00,-9.997951432298474161e-01,0.000000000000000000e+00,-2.024034520478783239e-02,1.288628391643222536e-02,0.000000000000000000e+00,3.964562719229811627e-01,0.000000000000000000e+00
-2.280835441255135015e-02,0.000000000000000000e+00,9.997398556469535569e-01,0.000000000000000000e+00,1.000000000000000000e+00,0.000000000000000000e+00,-9.997398556469535569e-01,0.000000000000000000e+00,-2.280835441255135015e-02,1.452150864552829296e-02,0.000000000000000000e+00,3.960065851224797151e-01,0.000000000000000000e+00
-2.556765607142806943e-02,0.000000000000000000e+00,9.996730940477557281e-01,0.000000000000000000e+00,1.000000000000000000e+00,0.000000000000000000e+00,-9.996730940477557281e-01,0.000000000000000000e+00,-2.556765607142806943e-02,1.627864928927628962e-02,0.000000000000000000e+00,3.955233714454490790e-01,0.000000000000000000e+00
-2.852240212976275141e-02,0.000000000000000000e+00,9.995931535263474776e-01,0.000000000000000000e+00,1.000000000000000000e+00,0.000000000000000000e+00,-9.995931535263474776e-01,0.000000000000000000e+00,-2.852240212976275141e-02,1.816038804797805856e-02,0.000000000000000000e+00,3.950058932868060757e-01,0.000000000000000000e+00
-3.167646088966843271e-02,0.000000000000000000e+00,9.994981749985866193e-01,0.000000000000000000e+00,1.000000000000000000e+00,0.000000000000000000e+00,-9.994981749985866193e-01,0.000000000000000000e+00,-3.167646088966843271e-02,2.016923524271030388e-02,0.000000000000000000e+00,3.944534603082546775e-01,0.000000000000000000e+00
-3.503341844981120584e-02,0.000000000000000000e+00,9.993861413846604203e-01,0.000000000000000000e+00,1.000000000000000000e+00,0.000000000000000000e+00,-9.993861413846604203e-01,0.000000000000000000e+00,-3.503341844981120584e-02,2.230753162242830531e-02,0.000000000000000000e+00,3.938654288038322404e-01,0.000000000000000000e+00
-3.859657994471272363e-02,0.000000000000000000e+00,9.992548744022075047e-01,0.000000000000000000e+00,1.000000000000000000e+00,0.000000000000000000e+00,-9.992548744022075047e-01,0.000000000000000000e+00,-3.859657994471272363e-02,2.457745067106957906e-02,0.000000000000000000e+00,3.932412010654559031e-01,0.000000000000000000e+00
-4.236897057967008162e-02,0.000000000000000000e+00,9.991020319927385041e-01,0.000000000000000000e+00,1.000000000000000000e+00,0.000000000000000000e+00,-9.991020319927385041e-01,0.000000000000000000e+00,-4.236897057967008162e-02,2.698100091465761505e-02,0.000000000000000000e+00,3.925802247484692087e-01,0.000000000000000000e+00
-4.635333646235946514e-02,0.000000000000000000e+00,9.989251064012794057e-01,0.000000000000000000e+00,1.000000000000000000e+00,0.000000000000000000e+00,-9.989251064012794057e-01,0.000000000000000000e+00,-4.635333646235946514e-02,2.952002822840548574e-02,0.000000000000000000e+00,3.918819922371885034e-01,0.000000000000000000e+00
-5.055214523424043926e-02,0.000000000000000000e+00,9.987214229264416154e-01,0.000000000000000000e+00,1.000000000000000000e+00,0.000000000000000000e+00,-9.987214229264416154e-01,0.000000000000000000e+00,-5.055214523424043926e-02,3.219621814381965624e-02,0.000000000000000000e+00,3.911460400104496138e-01,0.000000000000000000e+00
-5.496758650698833210e-02,0.000000000000000000e+00,9.984881393554941864e-01,0.000000000000000000e+00,1.000000000000000000e+00,0.000000000000000000e+00,-9.984881393554941864e-01,0.000000000000000000e+00,-5.496758650698833210e-02,3.501109815580355500e-02,0.000000000000000000e+00,3.903719480071540238e-01,0.000000000000000000e+00
-5.960157211134187172e-02,0.000000000000000000e+00,9.982222460964574884e-01,0.000000000000000000e+00,1.000000000000000000e+00,0.000000000000000000e+00,-9.982222460964574884e-01,0.000000000000000000e+00,-5.960157211134187172e-02,3.796604002976139425e-02,0.000000000000000000e+00,3.895593389918156069e-01,0.000000000000000000e+00
-6.445573616793687233e-02,0.000000000000000000e+00,9.979205670167587972e-01,0.000000000000000000e+00,1.000000000000000000e+00,0.000000000000000000e+00,-9.979205670167587972e-01,0.000000000000000000e+00,-6.445573616793687233e-02,4.106226210870175808e-02,0.000000000000000000e+00,3.887078779201070255e-01,0.000000000000000000e+00
-6.953143499189196053e-02,0.000000000000000000e+00,9.975797609955648904e-01,0.000000000000000000e+00,1.000000000000000000e+00,0.000000000000000000e+00,-9.975797609955648904e-01,0.000000000000000000e+00,-6.953143499189196053e-02,4.430083162034132577e-02,0.000000000000000000e+00,3.878172713044061304e-01,0.000000000000000000e+00
-7.482974684509742513e-02,0.000000000000000000e+00,9.971963241945382972e-01,0.000000000000000000e+00,1.000000000000000000e+00,0.000000000000000000e+00,-9.971963241945382972e-01,0.000000000000000000e+00,-7.482974684509742513e-02,4.768266698420856042e-02,0.000000000000000000e+00,3.868872665793426924e-01,0.000000000000000000e+00
-8.035147155231660288e-02,0.000000000000000000e+00,9.967665930494346016e-01,0.000000000000000000e+00,1.000000000000000000e+00,0.000000000000000000e+00,-9.967665930494346016e-01,0.000000000000000000e+00,-8.035147155231660288e-02,5.120854011874748091e-02,0.000000000000000000e+00,3.859176514673444691e-01,0.000000000000000000e+00
-8.609712999932250810e-02,0.000000000000000000e+00,9.962867479826678085e-01,0.000000000000000000e+00,1.000000000000000000e+00,0.000000000000000000e+00,-9.962867479826678085e-01,0.000000000000000000e+00,-8.609712999932250810e-02,5.487907874842124639e-02,0.000000000000000000e+00,3.849082533441841592e-01,0.000000000000000000e+00
-9.206696353334591076e-02,0.000000000000000000e+00,9.957528178347021530e-01,0.000000000000000000e+00,1.000000000000000000e+00,0.000000000000000000e+00,-9.957528178347021530e-01,0.000000000000000000e+00,-9.206696353334591076e-02,5.869476871081586583e-02,0.000000000000000000e+00,3.838589386045256346e-01,0.000000000000000000e+00
-9.826093328808259419e-02,0.000000000000000000e+00,9.951606850098907442e-01,0.000000000000000000e+00,1.000000000000000000e+00,0.000000000000000000e+00,-9.951606850098907442e-01,0.000000000000000000e+00,-9.826093328808259419e-02,6.265595626374392824e-02,0.000000000000000000e+00,3.827696120274705072e-01,0.000000000000000000e+00
-1.046787194573867985e-01,0.000000000000000000e+00,9.945060913301444483e-01,0.000000000000000000e+00,1.000000000000000000e+00,0.000000000000000000e+00,-9.945060913301444483e-01,0.000000000000000000e+00,-1.046787194573867985e-01,6.676285039234834684e-02,0.000000000000000000e+00,3.816402161421042494e-01,0.000000000000000000e+00
-1.113197205435438458e-01,0.000000000000000000e+00,9.937846445876024060e-01,0.000000000000000000e+00,1.000000000000000000e+00,0.000000000000000000e+00,-9.937846445876024060e-01,0.000000000000000000e+00,-1.113197205435438458e-01,7.101552511620587427e-02,0.000000000000000000e+00,3.804707305930433714e-01,0.000000000000000000e+00
-1.181830526076576293e-01,0.000000000000000000e+00,9.929918257852556884e-01,0.000000000000000000e+00,1.000000000000000000e+00,0.000000000000000000e+00,-9.929918257852556884e-01,0.000000000000000000e+00,-1.181830526076576293e-01,7.541392179643108262e-02,0.000000000000000000e+00,3.792611715059814315e-01,0.000000000000000000e+00
-1.252675485511857978e-01,0.000000000000000000e+00,9.921229970522689179e-01,0.000000000000000000e+00,1.000000000000000000e+00,0.000000000000000000e+00,-9.921229970522689179e-01,0.000000000000000000e+00,-1.252675485511857978e-01,7.995785144277969825e-02,0.000000000000000000e+00,3.780115908532356017e-01,0.000000000000000000e+00
-1.325717574590053738e-01,0.000000000000000000e+00,9.911734102185301154e-01,0.000000000000000000e+00,1.000000000000000000e+00,0.000000000000000000e+00,-9.911734102185301154e-01,0.000000000000000000e+00,-1.325717574590053738e-01,8.464699702075256793e-02,0.000000000000000000e+00,3.767220758192930119e-01,0.000000000000000000e+00
-1.400939440355659094e-01,0.000000000000000000e+00,9.901382160307518054e-01,0.000000000000000000e+00,1.000000000000000000e+00,0.000000000000000000e+00,-9.901382160307518054e-01,0.000000000000000000e+00,-1.400939440355659094e-01,8.948091575869926428e-02,0.000000000000000000e+00,3.753927481663577037e-01,0.000000000000000000e+00
-1.478320881666893571e-01,0.000000000000000000e+00,9.890124739902304007e-01,0.000000000000000000e+00,1.000000000000000000e+00,0.000000000000000000e+00,-9.890124739902304007e-01,0.000000000000000000e+00,-1.478320881666893571e-01,9.445904145492178827e-02,0.000000000000000000e+00,3.740237635998965304e-01,0.000000000000000000e+00
-1.557838846403832855e-01,0.000000000000000000e+00,9.877911627901677649e-01,0.000000000000000000e+00,1.000000000000000000e+00,0.000000000000000000e+00,-9.877911627901677649e-01,0.000000000000000000e+00,-1.557838846403832855e-01,9.958068678477831337e-02,0.000000000000000000e+00,3.726153111341860003e-01,0.000000000000000000e+00
-1.639467430606423026e-01,0.000000000000000000e+00,9.864691913282480629e-01,0.000000000000000000e+00,1.000000000000000000e+00,0.000000000000000000e+00,-9.864691913282480629e-01,0.000000000000000000e+00,-1.639467430606423026e-01,1.048450456077865828e-01,0.000000000000000000e+00,3.711676124578586755e-01,0.000000000000000000e+00
-1.723177879886146346e-01,0.000000000000000000e+00,9.850414102679698747e-01,0.000000000000000000e+00,1.000000000000000000e+00,0.000000000000000000e+00,-9.850414102679698747e-01,0.000000000000000000e+00,-1.723177879886146346e-01,1.102511952747281671e-01,0.000000000000000000e+00,3.696809212994497940e-01,0.000000000000000000e+00
-1.808938593456868027e-01,0.000000000000000000e+00,9.835026241200492958e-01,0.000000000000000000e+00,1.000000000000000000e+00,0.000000000000000000e+00,-9.835026241200492958e-01,0.000000000000000000e+00,-1.808938593456868027e-01,1.157980989347516115e-01,0.000000000000000000e+00,3.681555227929433904e-01,0.000000000000000000e+00
-1.896715131130053966e-01,0.000000000000000000e+00,9.818476038130474759e-01,0.000000000000000000e+00,1.000000000000000000e+00,0.000000000000000000e+00,-9.818476038130474759e-01,0.000000000000000000e+00,-1.896715131130053966e-01,1.214846078424763470e-01,0.000000000000000000e+00,3.665917328433190292e-01,0.000000000000000000e+00
-1.986470223616791098e-01,0.000000000000000000e+00,9.800710997202389807e-01,0.000000000000000000e+00,1.000000000000000000e+00,0.000000000000000000e+00,-9.800710997202389807e-01,0.000000000000000000e+00,-1.986470223616791098e-01,1.273094636650964895e-01,0.000000000000000000e+00,3.649898974920984807e-01,0.000000000000000000e+00
-2.078163786474025443e-01,0.000000000000000000e+00,9.781678551076391503e-01,0.000000000000000000e+00,1.000000000000000000e+00,0.000000000000000000e+00,-9.781678551076391503e-01,0.000000000000000000e+00,-2.078163786474025443e-01,1.332713007894844315e-01,0.000000000000000000e+00,3.633503922828917876e-01,0.000000000000000000e+00
-2.171752938025045820e-01,0.000000000000000000e+00,9.761326199660554925e-01,0.000000000000000000e+00,1.000000000000000000e+00,0.000000000000000000e+00,-9.761326199660554925e-01,0.000000000000000000e+00,-2.171752938025045820e-01,1.393686486292943227e-01,0.000000000000000000e+00,3.616736216269441084e-01,0.000000000000000000e+00
-2.267192021574502281e-01,0.000000000000000000e+00,9.739601651880271938e-01,0.000000000000000000e+00,1.000000000000000000e+00,0.000000000000000000e+00,-9.739601651880271938e-01,0.000000000000000000e+00,-2.267192021574502281e-01,1.455999339320663000e-01,0.000000000000000000e+00,3.599600181686817835e-01,0.000000000000000000e+00
-2.364432632226077247e-01,0.000000000000000000e+00,9.716452970485910390e-01,0.000000000000000000e+00,1.000000000000000000e+00,0.000000000000000000e+00,-9.716452970485910390e-01,0.000000000000000000e+00,-2.364432632226077247e-01,1.519634830863294817e-01,0.000000000000000000e+00,3.582100421512594002e-01,0.000000000000000000e+00
-2.463423648596542448e-01,0.000000000000000000e+00,9.691828719469577358e-01,0.000000000000000000e+00,1.000000000000000000e+00,0.000000000000000000e+00,-9.691828719469577358e-01,0.000000000000000000e+00,-2.463423648596542448e-01,1.584575244287064200e-01,0.000000000000000000e+00,3.564241807821057484e-01,0.000000000000000000e+00
-2.564111269703061580e-01,0.000000000000000000e+00,9.665678113644264879e-01,0.000000000000000000e+00,1.000000000000000000e+00,0.000000000000000000e+00,-9.665678113644264879e-01,0.000000000000000000e+00,-2.564111269703061580e-01,1.650801905510161649e-01,0.000000000000000000e+00,3.546029475984705526e-01,0.000000000000000000e+00
-2.666439057281641545e-01,0.000000000000000000e+00,9.637951169922110983e-01,0.000000000000000000e+00,1.000000000000000000e+00,0.000000000000000000e+00,-9.637951169922110983e-01,0.000000000000000000e+00,-2.666439057281641545e-01,1.718295206073780501e-01,0.000000000000000000e+00,3.527468818329710376e-01,0.000000000000000000e+00
-2.770347983773341904e-01,0.000000000000000000e+00,9.608598859813171078e-01,0.000000000000000000e+00,1.000000000000000000e+00,0.000000000000000000e+00,-9.608598859813171078e-01,0.000000000000000000e+00,-2.770347983773341904e-01,1.787034626213160060e-01,0.000000000000000000e+00,3.508565477791381060e-01,0.000000000000000000e+00
-2.875776486191472525e-01,0.000000000000000000e+00,9.577573262652091524e-01,0.000000000000000000e+00,1.000000000000000000e+00,0.000000000000000000e+00,-9.577573262652091524e-01,0.000000000000000000e+00,-2.875776486191472525e-01,1.856998757928612909e-01,0.000000000000000000e+00,3.489325341569631811e-01,0.000000000000000000e+00
-2.982660526057702710e-01,0.000000000000000000e+00,9.544827719047483949e-01,0.000000000000000000e+00,1.000000000000000000e+00,0.000000000000000000e+00,-9.544827719047483949e-01,0.000000000000000000e+00,-2.982660526057702710e-01,1.928165328056569428e-01,0.000000000000000000e+00,3.469754534784443845e-01,0.000000000000000000e+00
-3.090933655567585925e-01,0.000000000000000000e+00,9.510316984037893162e-01,0.000000000000000000e+00,1.000000000000000000e+00,0.000000000000000000e+00,-9.510316984037893162e-01,0.000000000000000000e+00,-3.090933655567585925e-01,2.000511221340611212e-01,0.000000000000000000e+00,3.449859414131332680e-01,0.000000000000000000e+00
-3.200527090117027962e-01,0.000000000000000000e+00,9.473997379428972243e-01,0.000000000000000000e+00,1.000000000000000000e+00,0.000000000000000000e+00,-9.473997379428972243e-01,0.000000000000000000e+00,-3.200527090117027962e-01,2.074012503502508653e-01,0.000000000000000000e+00,3.429646561536809912e-01,0.000000000000000000e+00
-3.311369787290405209e-01,0.000000000000000000e+00,9.435826944779153180e-01,0.000000000000000000e+00,1.000000000000000000e+00,0.000000000000000000e+00,-9.435826944779153180e-01,0.000000000000000000e+00,-3.311369787290405209e-01,2.148644444313259627e-01,0.000000000000000000e+00,3.409122777813853866e-01,0.000000000000000000e+00
-3.423388532378868754e-01,0.000000000000000000e+00,9.395765586495697930e-01,0.000000000000000000e+00,1.000000000000000000e+00,0.000000000000000000e+00,-9.395765586495697930e-01,0.000000000000000000e+00,-3.423388532378868754e-01,2.224381540664121526e-01,0.000000000000000000e+00,3.388295076317366372e-01,0.000000000000000000e+00
-3.536508030463802466e-01,0.000000000000000000e+00,9.353775224499732976e-01,0.000000000000000000e+00,1.000000000000000000e+00,0.000000000000000000e+00,-9.353775224499732976e-01,0.000000000000000000e+00,-3.536508030463802466e-01,2.301197539637654943e-01,0.000000000000000000e+00,3.367170676599645085e-01,0.000000000000000000e+00
-3.650651005065709831e-01,0.000000000000000000e+00,9.309819935917811318e-01,0.000000000000000000e+00,1.000000000000000000e+00,0.000000000000000000e+00,-9.309819935917811318e-01,0.000000000000000000e+00,-3.650651005065709831e-01,2.379065461578756535e-01,0.000000000000000000e+00,3.345756998065841925e-01,0.000000000000000000e+00
-3.765738303323182823e-01,0.000000000000000000e+00,9.263866095258751487e-01,0.000000000000000000e+00,1.000000000000000000e+00,0.000000000000000000e+00,-9.263866095258751487e-01,0.000000000000000000e+00,-3.765738303323182823e-01,2.457957623165693550e-01,0.000000000000000000e+00,3.324061653629434288e-01,0.000000000000000000e+00
-3.881689007630247379e-01,0.000000000000000000e+00,9.215882510538125905e-01,0.000000000000000000e+00,1.000000000000000000e+00,0.000000000000000000e+00,-9.215882510538125905e-01,0.000000000000000000e+00,-3.881689007630247379e-01,2.537845660481147791e-01,0.000000000000000000e+00,3.302092443367684038e-01,0.000000000000000000e+00
-3.998420553623421303e-01,0.000000000000000000e+00,9.165840554818841523e-01,0.000000000000000000e+00,1.000000000000000000e+00,0.000000000000000000e+00,-9.165840554818841523e-01,0.000000000000000000e+00,-3.998420553623421303e-01,2.618700552083244038e-01,0.000000000000000000e+00,3.279857348177107612e-01,0.000000000000000000e+00
-4.115848854372704535e-01,0.000000000000000000e+00,9.113714292644843340e-01,0.000000000000000000e+00,1.000000000000000000e+00,0.000000000000000000e+00,-9.113714292644843340e-01,0.000000000000000000e+00,-4.115848854372704535e-01,2.700492642076597338e-01,0.000000000000000000e+00,3.257364523428936121e-01,0.000000000000000000e+00
-4.233888430593326091e-01,0.000000000000000000e+00,9.059480600856099075e-01,0.000000000000000000e+00,1.000000000000000000e+00,0.000000000000000000e+00,-9.059480600856099075e-01,0.000000000000000000e+00,-4.233888430593326091e-01,2.783191663183341436e-01,0.000000000000000000e+00,3.234622292624581008e-01,0.000000000000000000e+00
-4.352452546658041044e-01,0.000000000000000000e+00,9.003119283286761254e-01,0.000000000000000000e+00,1.000000000000000000e+00,0.000000000000000000e+00,-9.003119283286761254e-01,0.000000000000000000e+00,-4.352452546658041044e-01,2.866766759814162735e-01,0.000000000000000000e+00,3.211639141051104707e-01,0.000000000000000000e+00
-4.471453352153033078e-01,0.000000000000000000e+00,8.944613178864663228e-01,0.000000000000000000e+00,1.000000000000000000e+00,0.000000000000000000e+00,-8.944613178864663228e-01,0.000000000000000000e+00,-4.471453352153033078e-01,2.951186511139352597e-01,0.000000000000000000e+00,3.188423709436678521e-01,0.000000000000000000e+00
-4.590802028684271563e-01,0.000000000000000000e+00,8.883948262649236094e-01,0.000000000000000000e+00,1.000000000000000000e+00,0.000000000000000000e+00,-8.883948262649236094e-01,0.000000000000000000e+00,-4.590802028684271563e-01,3.036418954159828543e-01,0.000000000000000000e+00,3.164984787606047179e-01,0.000000000000000000e+00
-4.710408941606144539e-01,0.000000000000000000e+00,8.821113739366298612e-01,0.000000000000000000e+00,1.000000000000000000e+00,0.000000000000000000e+00,-8.821113739366298612e-01,0.000000000000000000e+00,-4.710408941606144539e-01,3.122431606778177660e-01,0.000000000000000000e+00,3.141331308136001144e-01,0.000000000000000000e+00
-4.830183796309933109e-01,0.000000000000000000e+00,8.756102129022077518e-01,0.000000000000000000e+00,1.000000000000000000e+00,0.000000000000000000e+00,-8.756102129022077518e-01,0.000000000000000000e+00,-4.830183796309933109e-01,3.209191490869695018e-01,0.000000000000000000e+00,3.117472340010833953e-01,0.000000000000000000e+00
-4.950035798677019372e-01,0.000000000000000000e+00,8.688909344205172358e-01,0.000000000000000000e+00,1.000000000000000000e+00,0.000000000000000000e+00,-8.688909344205172358e-01,0.000000000000000000e+00,-4.950035798677019372e-01,3.296665155353414312e-01,0.000000000000000000e+00,3.093417082277811203e-01,0.000000000000000000e+00
-5.069873819270575011e-01,0.000000000000000000e+00,8.619534758713767175e-01,0.000000000000000000e+00,1.000000000000000000e+00,0.000000000000000000e+00,-8.619534758713767175e-01,0.000000000000000000e+00,-5.069873819270575011e-01,3.384818699263155706e-01,0.000000000000000000e+00,3.069174857702632320e-01,0.000000000000000000e+00
-5.189606560810032798e-01,0.000000000000000000e+00,8.547981267176330000e-01,0.000000000000000000e+00,1.000000000000000000e+00,0.000000000000000000e+00,-8.547981267176330000e-01,0.000000000000000000e+00,-5.189606560810032798e-01,3.473617794818553151e-01,0.000000000000000000e+00,3.044755106424897884e-01,0.000000000000000000e+00
-5.309142728445422899e-01,0.000000000000000000e+00,8.474255335366942532e-01,0.000000000000000000e+00,1.000000000000000000e+00,0.000000000000000000e+00,-8.474255335366942532e-01,0.000000000000000000e+00,-5.309142728445422899e-01,3.563027710496089462e-01,0.000000000000000000e+00,3.020167379613575287e-01,0.000000000000000000e+00
-5.428391202323477049e-01,0.000000000000000000e+00,8.398367040951298934e-01,0.000000000000000000e+00,1.000000000000000000e+00,0.000000000000000000e+00,-8.398367040951298934e-01,0.000000000000000000e+00,-5.428391202323477049e-01,3.653013334100145837e-01,0.000000000000000000e+00,2.995421333122459950e-01,0.000000000000000000e+00
-5.547261211914675805e-01,0.000000000000000000e+00,8.320330104436176599e-01,0.000000000000000000e+00,1.000000000000000000e+00,0.000000000000000000e+00,-8.320330104436176599e-01,0.000000000000000000e+00,-5.547261211914675805e-01,3.743539195834024724e-01,0.000000000000000000e+00,2.970526721145643201e-01,0.000000000000000000e+00
-5.665662511550404457e-01,0.000000000000000000e+00,8.240161910133341205e-01,0.000000000000000000e+00,1.000000000000000000e+00,0.000000000000000000e+00,-8.240161910133341205e-01,0.000000000000000000e+00,-5.665662511550404457e-01,3.834569491371000449e-01,0.000000000000000000e+00,2.945493389872975154e-01,0.000000000000000000e+00
-5.783505556601911124e-01,0.000000000000000000e+00,8.157883516988632122e-01,0.000000000000000000e+00,1.000000000000000000e+00,0.000000000000000000e+00,-8.157883516988632122e-01,0.000000000000000000e+00,-5.783505556601911124e-01,3.926068104925339863e-01,0.000000000000000000e+00,2.920331271145532037e-01,0.000000000000000000e+00
-5.900701679718413084e-01,0.000000000000000000e+00,8.073519659167760487e-01,0.000000000000000000e+00,1.000000000000000000e+00,0.000000000000000000e+00,-8.073519659167760487e-01,0.000000000000000000e+00,-5.900701679718413084e-01,4.017998632323352970e-01,0.000000000000000000e+00,2.895050376111077961e-01,0.000000000000000000e+00
-6.017163266530156651e-01,0.000000000000000000e+00,7.987098736332244320e-01,0.000000000000000000e+00,1.000000000000000000e+00,0.000000000000000000e+00,-7.987098736332244320e-01,0.000000000000000000e+00,-6.017163266530156651e-01,4.110324404074428561e-01,0.000000000000000000e+00,2.869660788879532798e-01,0.000000000000000000e+00
-6.132803930213950316e-01,0.000000000000000000e+00,7.898652793581467657e-01,0.000000000000000000e+00,1.000000000000000000e+00,0.000000000000000000e+00,-7.898652793581467657e-01,0.000000000000000000e+00,-6.132803930213950316e-01,4.203008508442057645e-01,0.000000000000000000e+00,2.844172660178434509e-01,0.000000000000000000e+00
-6.247538684313644897e-01,0.000000000000000000e+00,7.808217491079799677e-01,0.000000000000000000e+00,1.000000000000000000e+00,0.000000000000000000e+00,-7.808217491079799677e-01,0.000000000000000000e+00,-6.247538684313644897e-01,4.296013814514894058e-01,0.000000000000000000e+00,2.818596201008404245e-01,0.000000000000000000e+00
-6.361284113206009394e-01,0.000000000000000000e+00,7.715832063431191656e-01,0.000000000000000000e+00,1.000000000000000000e+00,0.000000000000000000e+00,-7.715832063431191656e-01,0.000000000000000000e+00,-6.361284113206009394e-01,4.389302995277764019e-01,0.000000000000000000e+00,2.792941676298614784e-01,0.000000000000000000e+00
-6.473958539604148799e-01,0.000000000000000000e+00,7.621539268906676323e-01,0.000000000000000000e+00,1.000000000000000000e+00,0.000000000000000000e+00,-7.621539268906676323e-01,0.000000000000000000e+00,-6.473958539604148799e-01,4.482838550682723966e-01,0.000000000000000000e+00,2.767219398562250632e-01,0.000000000000000000e+00
-6.585482188495173084e-01,0.000000000000000000e+00,7.525385328673398488e-01,0.000000000000000000e+00,1.000000000000000000e+00,0.000000000000000000e+00,-7.525385328673398488e-01,0.000000000000000000e+00,-6.585482188495173084e-01,4.576582830720090089e-01,0.000000000000000000e+00,2.741439721551974795e-01,0.000000000000000000e+00
-6.695777346917033412e-01,0.000000000000000000e+00,7.427419856216066485e-01,0.000000000000000000e+00,1.000000000000000000e+00,0.000000000000000000e+00,-7.427419856216066485e-01,0.000000000000000000e+00,-6.695777346917033412e-01,4.670498058489475079e-01,0.000000000000000000e+00,2.715613033915394436e-01,0.000000000000000000e+00
-6.804768518990804704e-01,0.000000000000000000e+00,7.327695777183418357e-01,0.000000000000000000e+00,1.000000000000000000e+00,0.000000000000000000e+00,-7.327695777183418357e-01,0.000000000000000000e+00,-6.804768518990804704e-01,4.764546353270825430e-01,0.000000000000000000e+00,2.689749752850523201e-01,0.000000000000000000e+00
-6.912382575639262061e-01,0.000000000000000000e+00,7.226269239932783250e-01,0.000000000000000000e+00,1.000000000000000000e+00,0.000000000000000000e+00,-7.226269239932783250e-01,0.000000000000000000e+00,-6.912382575639262061e-01,4.858689753595458738e-01,0.000000000000000000e+00,2.663860317761249097e-01,0.000000000000000000e+00
-7.018548898440366557e-01,0.000000000000000000e+00,7.123199517085108123e-01,0.000000000000000000e+00,1.000000000000000000e+00,0.000000000000000000e+00,-7.123199517085108123e-01,0.000000000000000000e+00,-7.018548898440366557e-01,4.952890240317094905e-01,0.000000000000000000e+00,2.637955183912799040e-01,0.000000000000000000e+00
-7.123199517085108123e-01,0.000000000000000000e+00,7.018548898440366557e-01,0.000000000000000000e+00,1.000000000000000000e+00,0.000000000000000000e+00,-7.018548898440366557e-01,0.000000000000000000e+00,-7.123199517085108123e-01,5.047109759682905095e-01,0.000000000000000000e+00,2.612044816087201182e-01,0.000000000000000000e+00
-7.226269239932784361e-01,0.000000000000000000e+00,6.912382575639260951e-01,0.000000000000000000e+00,1.000000000000000000e+00,0.000000000000000000e+00,-6.912382575639260951e-01,0.000000000000000000e+00,-7.226269239932784361e-01,5.141310246404542372e-01,0.000000000000000000e+00,2.586139682238750570e-01,0.000000000000000000e+00
-7.327695777183416137e-01,0.000000000000000000e+00,6.804768518990806925e-01,0.000000000000000000e+00,1.000000000000000000e+00,0.000000000000000000e+00,-6.804768518990806925e-01,0.000000000000000000e+00,-7.327695777183416137e-01,5.235453646729173460e-01,0.000000000000000000e+00,2.560250247149477021e-01,0.000000000000000000e+00
-7.427419856216065375e-01,0.000000000000000000e+00,6.695777346917034523e-01,0.000000000000000000e+00,1.000000000000000000e+00,0.000000000000000000e+00,-6.695777346917034523e-01,0.000000000000000000e+00,-7.427419856216065375e-01,5.329501941510524921e-01,0.000000000000000000e+00,2.534386966084605786e-01,0.000000000000000000e+00
-7.525385328673398488e-01,0.000000000000000000e+00,6.585482188495171973e-01,0.000000000000000000e+00,1.000000000000000000e+00,0.000000000000000000e+00,-6.585482188495171973e-01,0.000000000000000000e+00,-7.525385328673398488e-01,5.423417169279910466e-01,0.000000000000000000e+00,2.508560278448024872e-01,0.000000000000000000e+00
-7.621539268906676323e-01,0.000000000000000000e+00,6.473958539604148799e-01,0.000000000000000000e+00,1.000000000000000000e+00,0.000000000000000000e+00,-6.473958539604148799e-01,0.000000000000000000e+00,-7.621539268906676323e-01,5.517161449317276034e-01,0.000000000000000000e+00,2.482780601437749313e-01,0.000000000000000000e+00
-7.715832063431194987e-01,0.000000000000000000e+00,6.361284113206004953e-01,0.000000000000000000e+00,1.000000000000000000e+00,0.000000000000000000e+00,-6.361284113206004953e-01,0.000000000000000000e+00,-7.715832063431194987e-01,5.610697004722239312e-01,0.000000000000000000e+00,2.457058323701384328e-01,0.000000000000000000e+00
-7.808217491079799677e-01,0.000000000000000000e+00,6.247538684313644897e-01,0.000000000000000000e+00,1.000000000000000000e+00,0.000000000000000000e+00,-6.247538684313644897e-01,0.000000000000000000e+00,-7.808217491079799677e-01,5.703986185485105942e-01,0.000000000000000000e+00,2.431403798991595977e-01,0.000000000000000000e+00
-7.898652793581466547e-01,0.000000000000000000e+00,6.132803930213951427e-01,0.000000000000000000e+00,1.000000000000000000e+00,0.000000000000000000e+00,-6.132803930213951427e-01,0.000000000000000000e+00,-7.898652793581466547e-01,5.796991491557941245e-01,0.000000000000000000e+00,2.405827339821566269e-01,0.000000000000000000e+00
-7.987098736332244320e-01,0.000000000000000000e+00,6.017163266530156651e-01,0.000000000000000000e+00,1.000000000000000000e+00,0.000000000000000000e+00,-6.017163266530156651e-01,0.000000000000000000e+00,-7.987098736332244320e-01,5.889675595925570883e-01,0.000000000000000000e+00,2.380339211120467979e-01,0.000000000000000000e+00
-8.073519659167762708e-01,0.000000000000000000e+00,5.900701679718409753e-01,0.000000000000000000e+00,1.000000000000000000e+00,0.000000000000000000e+00,-5.900701679718409753e-01,0.000000000000000000e+00,-8.073519659167762708e-01,5.982001367676649251e-01,0.000000000000000000e+00,2.354949623888921706e-01,0.000000000000000000e+00
-8.157883516988632122e-01,0.000000000000000000e+00,5.783505556601911124e-01,0.000000000000000000e+00,1.000000000000000000e+00,0.000000000000000000e+00,-5.783505556601911124e-01,0.000000000000000000e+00,-8.157883516988632122e-01,6.073931895074660137e-01,0.000000000000000000e+00,2.329668728854468462e-01,0.000000000000000000e+00
-8.240161910133343426e-01,0.000000000000000000e+00,5.665662511550402236e-01,0.000000000000000000e+00,1.000000000000000000e+00,0.000000000000000000e+00,-5.665662511550402236e-01,0.000000000000000000e+00,-8.240161910133343426e-01,6.165430508629001771e-01,0.000000000000000000e+00,2.304506610127024513e-01,0.000000000000000000e+00
-8.320330104436173269e-01,0.000000000000000000e+00,5.547261211914681356e-01,0.000000000000000000e+00,1.000000000000000000e+00,0.000000000000000000e+00,-5.547261211914681356e-01,0.000000000000000000e+00,-8.320330104436173269e-01,6.256460804165971945e-01,0.000000000000000000e+00,2.279473278854357576e-01,0.000000000000000000e+00
-8.398367040951300044e-01,0.000000000000000000e+00,5.428391202323474829e-01,0.000000000000000000e+00,1.000000000000000000e+00,0.000000000000000000e+00,-5.428391202323474829e-01,0.000000000000000000e+00,-8.398367040951300044e-01,6.346986665899856384e-01,0.000000000000000000e+00,2.254578666877539439e-01,0.000000000000000000e+00
-8.474255335366943642e-01,0.000000000000000000e+00,5.309142728445420678e-01,0.000000000000000000e+00,1.000000000000000000e+00,0.000000000000000000e+00,-5.309142728445420678e-01,0.000000000000000000e+00,-8.474255335366943642e-01,6.436972289503912759e-01,0.000000000000000000e+00,2.229832620386424102e-01,0.000000000000000000e+00
-8.547981267176330000e-01,0.000000000000000000e+00,5.189606560810033908e-01,0.000000000000000000e+00,1.000000000000000000e+00,0.000000000000000000e+00,-5.189606560810033908e-01,0.000000000000000000e+00,-8.547981267176330000e-01,6.526382205181446849e-01,0.000000000000000000e+00,2.205244893575102061e-01,0.000000000000000000e+00
-8.619534758713767175e-01,0.000000000000000000e+00,5.069873819270573900e-01,0.000000000000000000e+00,1.000000000000000000e+00,0.000000000000000000e+00,-5.069873819270573900e-01,0.000000000000000000e+00,-8.619534758713767175e-01,6.615181300736844294e-01,0.000000000000000000e+00,2.180825142297367902e-01,0.000000000000000000e+00
-8.688909344205169027e-01,0.000000000000000000e+00,4.950035798677024923e-01,0.000000000000000000e+00,1.000000000000000000e+00,0.000000000000000000e+00,-4.950035798677024923e-01,0.000000000000000000e+00,-8.688909344205169027e-01,6.703334844646582358e-01,0.000000000000000000e+00,2.156582917722189852e-01,0.000000000000000000e+00
-8.756102129022079739e-01,0.000000000000000000e+00,4.830183796309930333e-01,0.000000000000000000e+00,1.000000000000000000e+00,0.000000000000000000e+00,-4.830183796309930333e-01,0.000000000000000000e+00,-8.756102129022079739e-01,6.790808509130308313e-01,0.000000000000000000e+00,2.132527659989165159e-01,0.000000000000000000e+00
-8.821113739366301942e-01,0.000000000000000000e+00,4.710408941606137878e-01,0.000000000000000000e+00,1.000000000000000000e+00,0.000000000000000000e+00,-4.710408941606137878e-01,0.000000000000000000e+00,-8.821113739366301942e-01,6.877568393221826781e-01,0.000000000000000000e+00,2.108668691863997691e-01,0.000000000000000000e+00
